Webots Project File version R2025a
perspectives: 000000ff00000000fd00000003000000000000000000000000fc0100000001fb0000001a0044006f00630075006d0065006e0074006100740069006f006e0000000000ffffffff00000000000000000000000100000250000002f3fc0200000001fb0000001400540065007800740045006400690074006f00720100000015000002f30000008500ffffff0000000300000780000000dafc0100000002fb0000000e0043006f006e0073006f006c006501000000000000073d0000000000000000fb0000001a0043006f006e0073006f006c00650041006c006c0041006c006c0100000000000007800000006900ffffff0000052e000002f300000001000000020000000100000008fc00000000
simulationViewPerspectives: 000000ff00000001000000020000016a000003c50100000002010000000100
sceneTreePerspectives: 000000ff00000001000000030000001e000000c0000000fa0100000002010000000200
maximizedDockId: -1
centralWidgetVisible: 1
orthographicViewHeight: 1
textFiles: 1 "worlds/Dissertation Simulation 1.wbt" "controllers/particle_spawner/particle_spawner.py" "controllers/ned_stir_pot/ned_stir_pot.py" "../../../../../../../Program Files/Webots/projects/robots/niryo/ned/controllers/ned_python/ned_python.py"
consoles: Console:All:All
renderingDevicePerspectives: TIAGo:Astra depth;1;0.895833;0;0
renderingDevicePerspectives: TIAGo:Astra rgb;1;0.895833;0;0
